0.4098140604107825
-0.0597847172434695
-0.01023675112925177
-0.07873598343141283
0.05605963309907734
-0.01153457399876793
0.05888816689574363
0.01870900984088731
0.06842118311232237
0.02654223696222115
0.005850026228635949
0.04481793003468822
-0.00666231682610806
-0.02928297523975433
0.0766631054838661
-0.01532064068844233
0.03186191620018178
0.03186473554782377
-0.02813757996808701
-0.001416144249118446
0.0155416508257499
0.004608603925865829
-0.03546740158096126
0.02032555562506035
0.005542940970784904
0.03135240041476783
-0.07842942880912718
0.006157484229796926
-0.00290079419011039
0.0370962917973904
-0.01782559127481785
0.001952201004101212
0.0173359231518864
0.007233285698551553
0.06148190317523766
-0.0815859030406111
-0.02773316991103559
-0.03097257012530316
-0.03830351337423211
0.04471543088487553
0.01194477494411077
1.316851805937878
-0.008371972678683056
0.008625206352314445
-0.05166869657144017
-0.08517083515416775
0.04542443520338467
-0.03826051463717632
-0.03668563718881049
0.03319980647057674
0.04732164546756069
0.001800251248504772
0.01940463475876363
0.02523198788425677
0.07481980050946026
0.02055552168771009
0.0203471919542042
-0.09270593928168101
0.02631986497730813
0.01922156726738171
-0.007618299302796608
0.01932755352659736
-0.03400756624715991
0.05013381983348515
0.01912513993165709
0.038352009224232
0.0125640112388065
-0.08046277360111882
-0.02118403537082846
0.01659500655110276
-0.01715931968760194
-0.05924321335635045
-0.01441993962370778
0.03464496826941252
0.02261380152335727
-0.02922886371073243
-0.02856741111424917
0.05351652168855046
0.004468198344440621
0.07965105020387142
0.0009430613015207953
-0.01294808445778866
0.3378593086221099
-0.01949316255267126
0.02257912010134398
-0.03061531378778185
0.07004594089829555
-0.02916510526617051
0.04706589207567088
0.2515596027498841
-0.02321322298787933
-0.01413746841122623
-0.005512647849475505
-0.05499561597418067
0.005657712257742502
0.02794091311902495
0.00863384407034453
0.1864480017616071
-0.03944347655275995
-0.04502487533081975
-0.009462746263414444
-0.02773670156946704
0.004466126810630994
0.03774170140919653
-0.02077066405471825
0.00631727585807082
-0.01037892616503811
-0.0740585993295815
0.0576286662401445
1.111481209895803
-0.01772577367044841
0.05840419711199119
-1.030795395577629
-0.02602937694083963
0.0002707251775416781
0.007548399552192338
-0.01715228666753989
0.06506144216999944
0.01907806710087622
0.01652853736323931
0.009119160143007647
-0.00299643235435066
0.04142672546495908
0.003036404868468762
-0.02955482605652349
-0.1052516608760976
0.02017562024721487
-0.03686834078805836
-0.01611502597997854
-0.03481231756479689
0.02377702033127793
0.02489034241011033
-0.0517893196009748
-0.01470373720886916
0.01974693914615162
0.02570181017965399
0.01836972094864181
-0.04326055114494658
-0.01094210115082993
0.06557067031157114
0.003703489673257956
0.01027357532870474
-0.02115322356213718
0.04991757247857107
-0.02858906877523582
-0.8294928137493315
1.742422106036132
-0.01352570529737218
-0.001375317272230604
0.02159699510312486
0.0612035843167946
0.01439907040747693
0.0338651555031398
0.9280377064524131
-0.001883596962411
-0.04983510014270438
-0.7786624197552074
0.01610897611063648
0.01133262108227997
-0.04535188562820967
1.737453547504001
-0.004678488243581075
0.03611933511905654
-0.02371863642330971
-0.04778686721676734
0.0306300204009796
-0.027390522691129
-0.03872310753204918
-0.02642280257197763
-0.01171655161286018
-0.04298861875417948
-0.00424791044781531
0.05718953097364411
0.07632553947387656
-0.01028532030734377
0.01864001797365505
0.03689604529962595
0.0286789502467677
-0.02473595411284714
0.01778246501499731
-0.02852205244776838
-0.0634433635801107
0.07747336308823803
-0.02999857299682041
-0.02119108224018524
-0.01918844135774412
-0.0144339722743164
-0.07284708977027696
0.04695919593369604
-0.02748437193768829
-0.01662179466832758
-0.07115777797531818
0.05596628093727156
-0.03699086166377646
0.02531251581441427
0.03446343581469262
-0.04021934879716312
0.04899161321423539
0.03268586702294123
-0.02440641339244756
0.02873398672128288
-0.006346052168260013
0.0001783583688168329
-0.008444486010691329
0.01980602710216052
0.01245048815947462
-0.01162265913474994
-0.05878277503096657
0.02150051319803736
-0.04217288598387688
-0.01597557105127379
0.1640354473462132
-0.4870266243170114
-0.03709638697557992
0.04610913767268788
0.0017915013584419
0.04327944777982133
-0.07038040780051402
0.02579007541252121
-0.01422855973117122
0.009873254125062203
0.005989550843513195
0.03297905152236155
0.005428677369294966
-0.03005502699847043
-0.09180102703371903
0.01337942199354814
-0.01424950554099706
-0.04311983065720832
0.0008856659984239531
-0.04974300152228853
0.02827381145890073
0.03078896296788806
-0.01815964615406863
0.0242798772542106
0.04799841460634229
-0.04436560202526563
0.0502230971187082
-0.00331618989144595
-0.008698919356643742
0.06728908625564481
-0.01808693916441533
-0.9389918120644415
0.01970501907412287
0.02753571263761565
-0.03597183871820496
0.009373175990163457
-0.001677149294940678
-0.02435649720570393
0.05482857207367382
-0.02207461162291707
-0.01843523748910288
0.01492394883928892
0.01763118825602086
0.05993535432144895
0.00300557787582166
0.003141622410391461
0.04795466830974501
0.009151284837947121
-0.03260530684803693
-0.02844977804477515
0.00689515916600241
0.01516652301981608
0.04283216578486013
-0.02517611064164106
-0.01801654476730912
-0.01076755017491511
0.05195590655042943
0.01801369478476394
-0.008966108789028886
-0.03996645170152793
-0.003200349570733605
0.1267483193779287
0.951760277033056
0.020250641182858
-0.0373765197554778
-0.0206428569093288
0.06317248156439545
0.1043217560197326
0.0212527933537624
0.01092688985986317
0.06360396600422893
-0.3177380248468269
-0.03599037981181989
0.08830079259236236
0.09087662101931604
0.01498070992903521
0.06855339641903462
0.003989173659865707
-0.05186479468155768
-0.04185262752823001
0.004378949369202086
0.01731322762454195
0.0125487096011057
0.04071774295790244
0.01450597814925536
-0.0299541879371379
-0.003295249118237939
-0.05157300834049052
-0.01533875849222479
-0.04788681492349706
-0.005813021346012316
0.07367763406856789
-0.0145146032455498
-0.04490708634780909
-0.02715179975717523
0.08679164437736851
-0.006625831881424365
0.03210778542555979
-0.0677644361516022
0.05534556589753734
0.08561283187639457
-0.06954524931180858
-0.001592246833893731
0.02164104756573222
0.06617025079622769
0.03167704948071846
-0.4606550560880537
0.6288276780870531
-0.01435715397440224
-0.02343826568077785
-0.009727123709396181
0.002538130713557161
-0.07768917120506426
-0.05993672594724402
0.02877224528431985
0.07460457316691799
-0.03890461546115875
-0.03023364909508833
0.03851629451005852
0.08171689123553733
-0.03379979491205336
0.05913895107665566
-0.05898256229396261
-0.02092510496887445
0.04393953418686115
-0.01036657424199252
-0.02550029509497486
-0.0005437099591672723
-0.006685464238592466
-0.008460567470708074
0.008743985253442062
-0.06220444320676617
0.0218899772232565
0.02175399793193305
-0.03294059032012697
-0.1028377554580489
-0.02028793621698035
0.06739878267278804
-0.006728634044223557
-0.03222428236044689
0.03668570658097613
-0.02923734269666011
-0.09817229435688098
-0.009731163282376762
0.02420756436461193
0.002038447052011901
-0.02772793260690013
-0.02638157644924401
0.004720063427823314
0.0449644064693728
0.07959168870902726
0.03676101449923002
0.002374277681072149
-0.009906856166733112
-0.03110924942590886
-0.03811498356042274
0.05302941365111388
-0.03474683353428903
0.01108154039396577
-0.06858305598645746
0.03309201796457439
-0.02114038842061742
-0.03838294036992043
0.004508747506596308
0.5768573056314862
-0.005845519329843619
-0.0006377359320770482
-0.000872991571989704
0.01247762153554133
-0.001731000143858372
0.01951240045733091
0.02375722019409552
1.520967353785465
0.03459249734525333
-0.05581228899516281
-0.06156799986573211
0.04056109260871304
0.005405738190243824
0.01924493858044238
-0.05820810652189487
-0.03743816772127543
0.04539484332565319
-0.02840648815654095
-0.07209357513998742
0.006862177621139697
0.01658872525012236
-0.03726097822764167
-0.3603854681177989
-0.0379632645003595
-0.01253130052866078
0.03911855844514094
-0.0150496973513064
-0.006552502058641472
0.02925558820459248
-0.02093045679546714
0.07882098813124949
-0.02823055547411836
0.01450129153304401
-0.05354742765087128
-0.00736247911729477
-0.02464844353837635
-0.09114367370169486
0.05249877956233955
0.01430948078264121
-0.0002343306177079984
-0.001182180819574183
0.03173197846588736
0.03915750896642626
-0.03270608086491995
-0.0136725302910265
-0.01746983247019041
-0.0005779289673848349
-0.04413196915235163
-0.001992409282219269
0.06239558501894344
0.08032893514413927
0.03082039839313342
-0.03979416861960431
-0.06748136077180883
0.01505719385122397
0.2366452740993621
0.08107814386107327
-0.01243441314475282
1.105454114272262
0.08925801612193605
0.09169087555944645
-0.02492186591982985
-0.0316771281820886
-0.04193779943102883
-0.01123807214085376
0.014969588445269
-0.00742453162549874
-0.005841416091782709
0.03026134908251268
0.001339494024367476
0.02143260152161359
-0.05209868436561241
0.07942758639110072
-0.05451637790246706
-0.03433938656097803
0.01596829845210861
0.0670562231968609
-0.05934895531046558
-0.002161581520918577
0.02834950812319431
-0.01583593331223657
0.005382442613897009
0.003056491661667622
-0.005215310951578477
0.03954386365420992
0.007298620243480631
-0.02989067291080632
-0.07090085782730038
-0.06293087518257873
0.05199552641623547
0.00975196360967167
-0.007909558367552978
-0.0761823483587159
0.03111936157660766
-0.0437604709579035
0.01623044616662044
-0.02326774429611801
-0.03904593972282902
-0.05489324747047319
0.07208140492584657
-0.03771985743096769
0.01226833836154089
0.3947636424343
-0.02001595229493711
-0.03173342585229593
-0.007359281046320166
0.01283303186658588
0.0486632774944625
0.03770939526983986
-0.004198654149880588
-0.0611910689354542
0.009693946398790221
-0.00271116675941453
-0.05589215927540967
-0.07321754743664804
0.03790485983341068
0.08172832584829791
0.0005031749665182854
0.01625657585331331
-0.001585389771064148
-0.003329557815369816
0.05320939840786689
0.106121988124674
0.01451637314058358
0.01544748459420489
0.05140374458330419
0.02559330970754602
-0.009663510984703628
0.05374791315042113
0.01411490737897576
-0.01460581081856407
0.004428853349585167
0.8242861729708043
-0.008755864044291982
0.0916060967954401
0.02496604446562311
0.02651961474286992
0.05384260988280223
-0.01789050323458341
-0.05298838363087002
-0.0132474147354499
-0.0339509991228986
-0.03185928029216691
0.01322156907927119
-0.795058635054641
0.021234757068797
-0.02916134834591794
0.006296256454254138
0.0248811987420024
0.04884643882631273
-1.75690765105218
-0.003535458115169533
-0.009247052162884047
0.03694654481505532
-0.05331044166823985
0.01683568128046671
-0.01572853849440864
0.02184012660476067
-0.0435273812340675
-0.03463695095019902
0.009130079790427598
-1.54347961434107
0.03882868415620799
-0.05844871823726389
0.00439623230610681
-0.04468591662441524
0.01541688843265926
-0.02349779144604028
-0.02267261497531359
-0.01148412722426802
0.00547251167440963
-0.03143813093809616
-0.05086045178008365
0.0502532686851887
0.01919663874190293
0.003573750619273315
-0.07889595305469306
-0.01850399754143212
0.05497612627528202
0.05885998838283546
0.01392768358246443
0.02243436149712254
-0.06064759626345911
0.01160419697583447
-0.02230556307620945
0.005034955294748595
-0.03023368023465467
0.01055803852779245
-0.08161106296441274
-0.0501540378076566
0.005032623237851421
-0.01559467363088877
0.004437839485287696
-0.03248518658927066
-0.05271690097585471
0.01137843091767824
0.07014323850694634
0.05070862364349943
0.01043921560237917
-0.006609306944001787
-0.06400749767044936
-0.07673930171448642
-0.05615103058195227
-0.0009615058269695005
0.01853304222350913
-0.01306726478807301
0.01885984802450938
-0.04496580380603189
0.03668478571642596
-0.06342146124790693
0.02868020790150009
-0.004560744064671688
0.04171685179779572
-0.03988483540491316
-0.04069260536677872
-0.06422069700045509
-0.03618708009555906
-0.02979094072731593
0.0008792699460959769
0.1073770686410294
0.03746126190406732
0.02320660923047503
-0.0004307378709081827
-0.006048956657342688
0.04899203559762241
0.005872226330631797
0.003126931344789676
-0.04239830911687578
-0.04597806340125325
0.01197737359162244
0.02286665270133082
0.04131921239770873
-0.01470435913728834
-0.04709007279025523
0.06820583326197491
0.06461379417944958
-0.01825185510446383
-0.02091692347121763
0.07044694472499105
-1.448449962391946
-0.05648638300900018
-0.005527370796124825
0.01074345070472286
-0.007920694873316385
-0.04291225208394088
0.03766713265491702
0.03935299081715129
-0.0009094739707824276
-0.01258423757350527
-0.005587679163532202
-0.002860388177091125
0.05808535434097476
0.005262012291100646
-0.003695492386935598
0.02844153951668939
0.06884474180459159
0.01564081894033486
0.009089496694959041
-0.02719708345596092
-0.0664578472866498
0.08916212751431025
1.699414250350428
-0.01566703551141849
0.04633621356795181
-0.02616518014783533
-0.01769861302579978
-0.02625841724785947
0.01436592749832473
-0.03979069222943824
0.04917032295661429
-0.01236697997023565
-0.01821850311378011
0.02956226347312283
0.02203255331085549
-0.04513653391499902
0.0520260886777611
-0.04659930298147768
-0.04834039701219322
0.01175480863944428
0.009517662875675105
-0.01642360949021278
-0.001447947397381774
0.0630929211535856
-0.07057349295704925
0.007602342231472508
-0.06866449236453709
-0.08137041196697362
-0.00188666992969084
-0.02705764570556928
-0.02411388922336456
0.09793903078713503
0.01643399047023873
0.003958943674187696
0.0008082892419786487
0.0388047621790043
-0.02960990636286708
-0.03180818260143975
-0.006473610956034999
0.02868015899339613
0.0154905491798621
-0.03779204524330255
0.0342701741466954
0.0005163306438457599
-0.02180885003386193
-0.06523426902755275
-0.9590503684343659
-0.02773643604516556
-0.02805213016188086
-0.08173659322238711
0.07977316635273753
-1.189340972915714
-0.02373827286849395
0.03129983260951207
0.04854343902873179
0.03735190691740205
-0.03163635713076806
-0.09390366367275055
0.001330287760437596
-0.03316155745514462
-0.02398117691646268
-0.01258931000586895
-0.06390447657111842
-0.09274280938231019
0.008239663998938019
-0.8762713662106123
-0.06327593535369712
-0.00125602861300375
-0.004849039042294109
0.04557818734550018
-0.009053245550160011
-0.09114924146261458
0.03429537324983307
0.01423711355559613
0.04764753749584095
0.05720491491888642
-0.01387335658775238
-1.372532745894457
-0.0240813059460597
-0.0267794614039225
-0.04049655132310229
-0.07103038011632427
-0.01316971440280379
-0.1280757254175755
-0.07822188106167291
0.01120611369811241
-0.04340751161065658
-0.01395333170127562
-0.03339104950381138
0.05259813812540409
0.06280507947622468
-0.02693852719968415
0.007181101161640398
0.08896750582549967
0.01708221435731973
-0.0159681104271554
-0.02797986950466745
0.02013780027176997
0.05744789536046763
-0.0302613888718767
0.02704381066076786
0.05081240646851246
0.04917797198407237
0.3188081267250095
0.04272403543113672
-0.01427359745786383
0.001991550052802171
-0.02761792994396658
0.01649819579387467
-0.06949984738305125
-0.005273613886469263
0.01297116877317779
0.0152087610483225
-0.03101794473591942
-0.04020501314804482
0.02967811877889193
0.01123108901717568
0.06053983819180178
0.009490413608005935
0.002954305862240623
0.01667407073966218
-0.06228641051338223
-0.03958628682598022
-0.1979440111402733
0.02051555391810514
-0.01482537263650414
-0.03315176631881121
-0.01242184592868226
-0.02210807449371656
-0.5114620873217959
-0.01053851436372317
0.0681519433568083
0.08393028023011494
0.02332909962276286
-0.06877847171010913
-0.01118865768999253
0.005184761208371179
-0.07636200902982145
0.0333943149153869
-0.08056798483724913
-0.1003884383458885
0.00177140868856809
-0.004948775236260121
0.03050261371134446
-0.002368291634669923
0.0644787723918793
-0.05201050084243869
-0.01537246142710022
-0.01246623718618534
-0.05558755071613411
-0.05576381358659914
-0.03741048920234354
0.01754625407575767
0.05619905191788876
0.03640704822635916
0.04705491440651563
0.02621216832175252
-0.0218865298099007
1.413696784921652
0.04242839170930286
-0.08855377779827171
-0.02809492540662235
-0.07336900258722502
0.01089253872888155
-0.04521272372151723
0.01493535368794245
0.02039618441245858
-0.2981296703563867
-0.007284817591857704
0.01167986533332298
-0.1128861769356913
-0.06101392291682914
-0.01778984250065915
0.0330256893966836
-0.04271921699459001
-0.01961013373614807
-0.06471184893473396
0.002192851792001848
0.008812418518313657
0.001514905818578369
-0.03576431101773643
0.01144623119417753
-0.00775664059464837
-0.0254549858683563
-0.02299932684888787
0.02843328604048925
0.00559022253818006
0.04251458893403238
0.06646087013730279
-0.02769719723139163
0.07683563846584936
-0.08757206516734391
-0.02224156038837108
-1.276148849887314
-0.06553411176167703
-0.02046534659386716
0.02025940508934015
0.02466234780857914
0.07444453540101531
-0.05937192787068002
-0.01981214074636442
-0.09230355728961236
0.008214022473262675
0.02922725330891767
-0.05444567273366342
0.03855449869983406
0.02511134154632273
-0.03588442223262892
-0.009612428258127834
-0.03464156682599519
-0.4609592755475517
-0.05537546686417547
0.005480869356301092
-0.007105698110237414
0.005529425965858399
-0.01355597158351585
0.08045826440811132
0.02303608244310392
-0.008091668716048923
0.02353560810031916
-0.01573318649675648
0.01574512759018629
-0.01647049546954349
0.04541414779444741
-0.01628460542754873
0.06956786050506407
-0.03290156429222146
0.00120614410645921
0.008238902777501509
-0.01989691370346537
0.0632229408209271
0.08656656559748521
0.05670309728140747
-0.02341149830955339
0.02295454376807791
0.006475529176236978
0.02966924027977509
-0.05065130252646351
-0.003007688104090638
-0.04556242047789
-0.00426885907131266
0.02069046027580685
-0.02615901770966524
-0.0009399350821706335
-0.03823340893047592
0.02587409453207229
-0.01311748926085294
-0.03299963149332601
0.01016719025945233
-0.03802396378555167
-0.338386031309059
0.04421791682146452
0.03812500588728829
0.02175543036745985
-0.003749925088140673
0.02807407892230228
-0.01517052602867689
0.05028876393285663
0.00836579478905632
-0.03085476937731255
0.06345293564114973
-0.06810132830090805
-0.06196175190013579
-0.03641629102146609
-0.07422663020952153
0.02011859740617235
-0.004840094802678203
-0.1017519586863944
-0.04117893743780062
0.0569592442354568
-0.006122608795558082
-0.05830034724258003
-0.00969382176643903
0.0006852624981382146
0.0417373178734125
-0.04230136463415968
-0.0007661350633898794
0.09191781349583827
0.0629173476711351
-0.02984540475023365
0.01725507095215235
0.02960937943515364
0.05303289437481367
-0.03880841400688127
-0.02711026528205525
-0.07110424704442246
-0.04380228003986252
-0.0007564910564944981
0.04328993173316646
-0.01058751708229973
0.005119592885783262
0.9081073154448884
-0.06111858899522338
-0.01654936163320607
-0.001109158210561966
-0.01330114152246074
-0.05736448428661664
0.08683252809325347
0.01204527144342508
0.4318101571165493
-0.04203244528343654
0.05571070515426054
-0.04943208999108857
0.02431575950893202
0.02367863022170682
0.05376998707707058
-0.01044376572579819
0.0307136870954027
-0.05412002907949166
-0.004371791326413425
-0.04173432486214921
-0.03747919261216551
-0.02471453811706474
-0.02167791826115032
0.02868159730546493
0.03737215330770449
0.01969448110345154
-0.08042484479532211
0.02215247624075055
0.02252288802750454
-0.003326612854083283
0.07413950073898021
-0.02773572078819232
-0.07853715914062644
0.03557758250881844
-0.04358959823757262
0.01264530442580541
0.01132953397907998
0.001076279480426727
0.05391334174317856
0.01251819862051022
-0.05393040702586356
-0.01247433589062594
0.04018118177186302
-0.004287328020808823
0.04158551069131516
-0.0388322970220114
0.008383829621769669
-0.08351182659984072
0.002863339832998121
0.03621248609229036
0.01035026583568236
-0.009033000804475536
0.03613464292312221
0.08308118852709687
-0.01855099517308632
-0.042270092585506
0.05978468703734315
-0.06105912096021676
-0.07353577932329577
-0.03186723235513817
0.03196477547963405
-0.04222820083807102
-0.007911295781003882
0.05531226511580405
0.04018414590290666
0.01050256463331098
0.04818311642383425
-0.02032113595142318
0.01800078797847762
-0.01855958320985429
0.01680105900303961
-0.05377857175894687
0.04906535066856021
-0.0258582368620952
-0.1023259052579488
