0.002908795579158067
-0.02806479816503257
0.004791663641400806
-0.009650789148744803
0.02816678014464356
-0.003989766846518025
0.01197901701741549
-0.004507674068534655
0.0256378773228309
0.01146464791533747
-0.007519794201279938
0.02221603692950113
0.003552742002618268
-0.002285881109381113
0.01910604291401387
-0.005819916460989317
0.01443047817748528
0.0007194940429797776
-0.005585802128533075
0.002451808170577657
-0.006789171536121336
0.004010028126099082
-0.003468472059406808
0.01274037588299496
-0.01202873981151553
0.02025731141902246
-0.0350172971085203
0.002218971925517719
-0.0119739824756774
0.01389361296677337
-0.0144897751440946
-0.00350249153610016
0.01644489103933502
0.01186427218277827
0.02271042339152179
-0.02278206267922354
-0.00533605362560337
-0.003197637043004207
-0.006830002362096627
0.008112828844526514
-0.008561107831482232
0.4645375256106873
-0.01333713921057077
0.01899791623540613
-0.01278231622317468
-0.01962890193810627
0.02164029921547288
0.007456267004947339
-0.01317264027115228
0.02262482387368037
0.01687949566579146
-0.009531449784426542
-0.009447678960167566
-0.009241267168224461
0.03524825930590101
0.002802482866099738
0.003296662692085925
-0.02920528775266139
0.01413162083717465
0.0143274455245055
-0.0008660864118238865
0.002247605528112627
-0.008462961441691556
0.03877307294378238
0.0008551383808537224
0.0207423583294926
0.01922672675555436
-0.03942090013025169
-0.001818021077198137
-0.006661608648875323
-0.007163234402899685
-0.02654688854803631
0.00623522898037057
0.0322473989643173
0.003115345537223713
0.006554127862839716
-0.01715189965095089
0.01411306683763433
0.01390763692698616
0.01002199844052295
-0.001731163397998551
0.02156756325775186
0.101678813644085
0.005193565864368702
0.02763547928747879
-0.01325021740329003
0.00819839510020204
-0.01247846411691988
0.003571761578448341
0.08790655444366835
0.007496055677093744
0.004953834985031496
-0.0204908459729943
-0.02571006550089209
0.001736290747300444
0.01875431180182772
0.01354641395004989
0.09021053401448005
-0.02490152719882736
-0.01999535509146139
-0.0084912563554536
-0.02204979665975024
0.001042942565519305
0.0128923002457675
-0.002727582447108865
0.01285543514845624
0.008846541205809171
-0.02506609463176574
0.03822267892888642
0.3729165363628313
0.004007658059757269
0.0232276715547844
-0.3353640757305924
-0.01894944711433087
-0.00675720004521422
0.02198688969217152
-0.003471374218379587
0.02510925388053413
0.01174082503532946
0.01654997851026824
0.005232208977878516
-0.01430750409700694
0.01257848863230716
0.0006076375198172784
0.006354078904763119
-0.02829294494050952
0.02104734922693408
-0.003594936497575892
-0.006481728935945226
-0.01404930948534158
0.004079010908184647
0.008306206692814042
-0.01420417764929928
-0.00876418862321671
-0.0008131596213058222
-0.005700414380976839
0.002534399396501548
0.003147846761365294
-0.001624202364324639
0.04008850481237694
0.000291983129280997
-0.001991876573288383
-0.003598208526608164
0.0180574954395792
-0.0006662035698139245
-0.2690191390726644
0.6144245904222612
-0.001533975108607283
0.004814413720922716
0.009434401055388454
0.007486215880012258
0.01679962011990166
0.01313005820145311
0.3090122233797394
-0.01895226353146676
-0.02102039720736563
-0.2628145321648245
0.0141089528979081
-0.001348670246083364
-0.01052836128275611
0.59939362426638
0.006104276036846314
0.004133371792587671
-0.003738591813042208
-0.00273409919873479
-0.001614787357928743
-0.01413849124683326
-0.02057829916288983
-0.01560125965253985
-0.009653630171302437
-0.01676594776996948
0.00451647613465
0.02299867009777523
0.01532800804178726
-0.007713997632340652
-0.002431981864906422
0.001764374871559673
0.01872851040975877
0.003460794634457823
0.0007152383216568327
0.00182112076181273
-0.03452043626116434
0.02353893403120529
-0.02317450325920952
-0.01236418531364815
-0.01237095067332033
-0.006240987833405204
-0.01463635037249739
0.01311714689031199
-0.01504514304067338
0.003826376244447879
-0.01885176665398866
-0.01060519782709016
-0.0269934247885424
0.007825527875351942
-0.007360796230338363
-0.01457058280258208
0.03055837249885962
0.01472051729815858
0.005273450745792411
0.02613581220295327
-0.002483679788910875
0.001957121192605671
0.001772181677977808
0.001243787641942519
-0.002855571762033435
-0.01006617498376652
-0.01682444765197929
0.01199121743678576
-0.03089016348221907
0.003678392471608303
0.04698899311705517
-0.1708857177405699
-0.02445209526634528
0.02123362500706179
0.00470668666658885
0.0139421315931723
0.0083609988368519
0.003430859398092316
0.002677960157258985
-0.002367069113146531
-0.0002707559280859058
0.001347111173762664
0.004101851044034426
-0.01394422369055103
-0.05493592263342266
-0.01339449387163594
-0.01079032891274777
-0.01889249219511022
0.00139052538187269
-0.02536347963262555
0.02496955421631801
0.01618147846627912
-0.003415356117346835
0.01990438196360642
0.01425980061340823
-0.01463942725404149
0.0222791516638275
0.004420877917767977
0.002911419973019558
0.02153925681190312
-0.0006140689443121706
-0.3247148109188512
0.0074086856896625
0.006337709981657863
-0.009196144417159827
-0.0117729735203379
-0.006959336454417933
0.01219524835142008
0.0272508904099553
-0.00867740807166781
-0.008922012422360541
0.005935896773491217
0.004397983812944753
0.01322866928766666
0.001769922443577032
0.0219833645932133
0.0196578830303947
-0.007030220482258018
-0.009821487310970036
-0.02810495580589399
-0.0001742359381150278
0.01509031867744472
0.00394369793373994
0.002585247217616093
-0.0004606910351448731
-0.01739908285326409
0.0139103789524881
0.006967032447981646
0.0008389266680066115
0.003193306989174104
-0.0005706219709813637
0.03783222274231379
0.3328205159413259
-0.01123530910978002
0.002084595464826343
-0.01125176872766715
0.01103397689786587
0.03455468272227916
0.03173582263805073
0.0119682356847848
0.02544707037278113
-0.1154264985426644
-0.02022389568177564
0.01840967554091036
0.0390183934156936
0.01583649484522929
0.02090285373563528
0.004869516101708581
-0.02056149491078442
-0.005069558854247804
-0.001767053091701832
0.01411800119997175
-0.005049592633243225
0.01512452155781898
0.01128084461945992
-0.006035158348780701
-0.004317542304937859
-0.01582383912184874
0.0105537420395417
-0.02177602276711959
0.009063083350136114
0.03172516963061149
-0.02138871342012302
-0.001660014631195097
-0.005570952541712247
0.03208725832948804
-0.005730553993601027
-0.002584110863819131
-0.03258532400034497
0.03055054750000867
0.02225449698922275
-0.03439631226734607
0.003490513733914498
0.01320734970329722
0.03207451542374787
0.0126922102203989
-0.1651095522688127
0.2267218214381209
0.003321379058420447
-0.009849491807471746
-0.001487898573536956
0.01576468582980734
-0.03485550755443959
-0.02187181792094042
0.01022802823383965
0.01454764227596144
0.006596092120428543
-0.001486227128334838
0.02076138516256991
0.02137484518974907
-0.01286524043940756
0.01902329374265209
-0.00526726705408267
-0.0219058847533266
0.02126434513280572
-0.001969800674353662
-0.0153397239869956
-0.0002801727080305598
0.0007812853133566806
-0.007432548765669772
0.005714100111731128
-0.02321086900896271
0.001869246432212133
-0.01327708564275091
-0.01042162880783344
-0.02768015933827144
-0.01271885150419332
0.02802028301965497
0.01031929677977654
-0.01422401313486925
0.02530635911675091
-0.01136286418751762
-0.02845226053524911
0.00214667493538237
0.0007879359253155748
0.004532930609609215
-0.02279635786369811
-0.02946380959582309
0.0115128905469038
0.00526514992728761
0.04133922223607772
0.02054056347902337
0.005112010434991111
-0.00640685120774476
-0.01860205110366931
-0.01674910969916567
0.01589510473200978
0.002203074139774206
0.006504819876111755
-0.01559657492512811
0.005561600741953374
-0.0007827259931186484
-0.002628130216846555
-0.0006089431443905356
0.2254520549608149
0.004761243118262746
-0.005144382440339884
-0.01163571826254385
-0.004198834362705512
-0.00132591972113424
0.01746049261706496
-0.0005685222450039358
0.5164966823692543
0.00742980251423866
-0.0326189339183489
0.01095226067609955
0.01730163083412325
-0.006092539351597422
0.01700511184453924
-0.02404561518236786
-0.0007359852089891071
0.03401523572241177
0.001684847995860203
-0.022278123605257
0.01617521552698174
0.0261356511560636
-0.02138034718746542
-0.1261120114771199
-0.02127952896560017
0.01457972827873435
0.0208360637075738
-0.003555574407539003
0.003146254896115995
0.002848804910132358
-0.0133802988092385
0.01746113386218362
-0.008567262550363452
0.004407530622780097
0.001689470229300968
-1.457114459335285e-005
0.00164614906925042
-0.02223025760194785
0.03316192892054518
0.006106231303517329
-0.00999465084070663
0.003953480488336265
0.003576426763237918
0.001490320861923443
0.002401546256591979
-0.01015760943499217
-0.02683860074031266
0.007459847356742877
-0.007283765903965214
-0.01109619636155959
0.03494514299358255
0.03131697258131209
0.00587789486168884
-0.0312836009105577
-0.03547456037722209
0.007094295105784962
0.07722361883004729
0.02303500783966402
0.005457850708853424
0.3777804365416879
0.03369505658910882
0.02571527991212069
-0.001676159819306641
-0.02429113699487628
-0.0200036708487492
-0.002326182313120706
0.01276880147205089
0.002507491036967397
0.01060129801797674
0.02614561881073191
-0.01314900669016283
0.01728583309275984
-0.009789353881858684
0.01928833884376967
-0.008972600842577684
-0.002635487464097928
0.007625945848173248
0.02616199381526194
-0.03306035614455174
0.008502576611385773
0.01916621028282771
-0.01008517638681082
-0.01059711768130861
0.004663423544698036
0.0003885911366491246
0.0136237611113451
0.00024217451731764
-0.01212902101582197
-0.02575061661889682
-0.02565710829543258
0.01948464959888891
0.007252955426976393
0.01687283909406131
-0.03995263220631547
0.001313553122307146
-0.01434739790245206
0.0001510481198909494
-0.02616977957889517
-0.01594323794531868
-0.02362464258720253
0.03478598145538842
-0.01080212187501374
-0.0003777891178147443
0.1325343460252435
-0.01453616695707568
-0.02703355575542486
-0.01310051776225753
0.005740590651567037
0.01188399134280464
-0.0004350150228630039
0.006169822550891484
-0.02787492228635577
0.006830415201459328
0.003076480828382182
-0.0143206252794659
-0.0315761077056169
0.005236144167785282
0.02699975718759835
0.01229584362868342
0.01492777876156964
0.001156350573158675
0.003327865897142362
0.0147962803982174
0.05769229073230903
0.01935021270580835
0.003886727417239793
0.008748345158152862
0.003235925322086164
-0.00958880160926877
0.0203835546624093
0.0143806990446751
-0.01207154496017685
-0.004667088993910066
0.2804796539230347
0.01476437439361771
0.05738457449029383
-0.01175295072172359
0.004355234911870995
0.01116111862260663
-0.0003684009690059279
-0.0125439414688137
-0.009984427275990951
-0.01203657387053791
-0.005089876098760183
-0.006334688988626752
-0.2714799637549255
0.019223117033449
-0.004124280586396248
-0.0007182399849383243
0.0009053636168658293
0.01260214274692435
-0.63978860875548
0.00719553986170155
-0.01667085337434788
0.02476398211677429
-0.01363926582811498
0.009733204251535692
0.005694633961590114
-0.008277952665052756
-0.0162379633781514
-0.01126595947531199
-0.009069641299283972
-0.5463622276688088
0.01958945271136005
-0.01977710444964492
0.003553460193767499
-0.008976945194660578
-0.01053436790752783
-0.01107883704108075
-0.01471064947391956
0.004366000579058614
-0.01213120531458953
-0.01516308180999536
-0.005231921336494114
-0.008892334767627345
-0.01120692066576305
-0.003270019615176113
-0.02752009085456472
-0.01563712223481848
0.009823419435849459
0.01745901096587024
0.006091232964889815
-0.004520369978026188
-0.01914201070817318
0.02112773120012677
-0.01769612953833829
0.0003042345340647635
-0.01080762161717579
0.0141998124253651
-0.02887307264133494
-0.01268699016400397
0.0200569275668926
0.005559155347515819
-0.0005282210208587165
-0.0001169169414424885
-0.0125749816491351
-0.01302664492168018
0.01222212740204944
0.008429665322896837
0.01887634099406287
0.008509068299314904
-0.02753663781526342
-0.01029882056231473
-0.01940263179395083
0.008615496643368756
-0.00586500107144128
-0.01348858122431541
-0.008048807087908921
-0.02441407821903274
0.02084014949447098
-0.01964984006536187
-0.001309570491185516
-0.003950930440533493
0.02655575053984479
-0.01952889590463347
-0.01501622670845885
-0.01588412991255305
-0.003721453188510474
-0.006478033373913258
-0.007784412921045851
0.03225694952296019
0.002547932967513248
-0.002689240734348728
-0.02069116816411667
-0.007391527967795858
0.01995149965197543
0.01746567995934591
0.00622964021085665
-0.0151849628631356
-0.02018964166181992
0.005705882390286849
0.005741889957892936
0.007560646424604986
-0.0005066783156544817
-0.0282027603370346
0.01010832560985043
0.01995041172796587
-0.0127767615441755
-0.02442594813276906
0.02134908299412354
-0.4942410546529737
-0.03005329740218049
-0.001469108169265185
0.01810675210939239
-0.004424112891155759
-0.01499681509827374
0.01859086611914497
0.01589774375124747
-0.004608707920769427
0.004862393824232206
0.003349860626193203
-0.003881058189583404
0.02558211719702295
-0.007106231438751939
-0.001430633235179959
0.01361709580590837
0.02468562667935004
0.01640577784150164
0.01222505747711367
0.01233067540072146
-0.01252226193415484
0.033547761990484
0.5997800966263462
-0.003438431142665323
0.01858999618066946
-0.03167132551343115
-0.01443481287003906
-0.0005973111070873676
0.009150014901378846
-0.01913319958791812
-0.01286626854850835
-0.01372680620531802
-0.0173234077517917
0.002166773369212587
0.009586176620854371
-0.02306139525578457
0.02570845681806715
-0.008285709108463817
-0.01603666023710044
-0.001212732327145633
0.003258570583689588
-0.005134333231622415
0.004053006921211561
0.03170754503099773
-0.001346753175474092
0.01414451607919061
-0.02496819558850031
-0.02888840671512009
-0.004032437850522374
-0.01734331743846436
0.0009976528181908229
0.03477070776026421
0.01267979033893228
-0.01013376198041311
0.008210103152427949
-0.001188466965927922
-0.01966570882359825
-0.01506278820142937
-0.008607752590420506
0.01404818072749135
-0.01253288443310535
-0.02095768553133911
0.01845748758680484
-0.003872937105496854
-0.02538854294793662
-0.0103645520101569
-0.3382392802448635
-0.009759391693444024
-0.01714368662570025
-0.02146801709278259
0.04099738384527263
-0.4332083356982803
0.003880566096437112
0.01984071191017197
0.01059099769668301
0.02482640841360578
-0.004651336531221991
-0.03022954478566716
0.003119063461131876
-0.008004665781693791
-0.002984596310425133
-0.006251074828145937
-0.03098177512408888
-0.02060292443976332
0.02327313409648494
-0.3054619461793831
-0.03362355149141174
0.001062955095067205
0.001025108068791027
0.009031985235155041
-0.01888827980850324
-0.02707839711938951
0.007131532963784527
0.01409187568464362
0.02068628084703672
0.01622895190890558
0.00136564925112431
-0.4773268106735075
-0.01927368381059183
-0.02221558192881841
-0.01030573047030947
-0.0247597707786924
0.004172153434473233
-0.06618743997646705
-0.02304891422305878
0.0006107539010222078
-0.01679745776880134
-0.002700742950077367
-0.009634117822296784
0.03004868920638702
0.02838363016714719
-0.009571437298628567
-0.00173949134049022
0.02711946951134063
0.006669233922677771
0.003520619116837397
-0.001475197244812624
-0.0039857159495254
0.009486104920320457
-0.003724734743710434
-0.005538843944921937
0.02165911640424903
0.01503242294008188
0.1086379443042191
0.02459681431013859
-0.01658860725519362
0.008779677443727955
-0.007056749782655487
-0.001595883680904512
-0.03760810163449239
-0.00595831003373925
-0.002960430342141198
0.001850348385820574
-0.004042714546009864
-0.008038134636697065
-0.009045659530704197
0.005943423343434665
0.0354153084880715
0.003891072169897629
0.01753812609507926
0.01109430798820167
-0.01384849598252746
-0.01917385275545117
-0.06366811873676431
0.004033181948104514
-0.000520688257887284
-0.01955145341478822
0.01129842874743267
-0.01058096325210053
-0.1766928019805251
-0.004646815924872397
0.02419777119470532
0.02700528267700694
0.0191377780921166
0.00829219389574855
0.002179790940196226
-0.007437345202814236
-0.02823025953514358
-0.002358441744791979
-0.02623149192839729
-0.02658251119499007
0.007619161585479817
-0.004753184512737364
0.02577398755818443
-0.01833977148360189
0.01662946852165026
-0.02260846900908741
-0.0002406288133996587
-0.003088718604275698
-0.01898556417834372
-0.01185654241275463
-0.02200444711041628
0.0311233160070837
0.009016747910795448
0.005871207715899064
-0.01157483212689361
0.0162838852396597
-0.008838703898765335
0.4937737084583563
0.013509190723073
-0.02300254914941373
-0.003688843546133061
-0.01593379148056746
-0.005744931259761922
-0.0165820496777786
0.003910768483897988
-0.009939579731768265
-0.1111261679719463
-0.004644832218568437
0.007787909620010206
-0.03734723528533015
-0.0143419657189403
0.008996144424763404
0.0123418206776072
-0.003305221316993805
-0.009391640314737926
-0.02839971487256179
-0.01205451725532928
0.004677110284374967
0.002906196217775599
-0.03052792301844608
-0.007717016955416513
-0.01178791600004896
0.003970575123954544
-0.01260371553149852
0.00200410770831658
0.008023291349841758
0.009922101635649265
0.005903852453246219
-0.01824426945474271
0.01562316106834572
-0.03432607099031873
0.007967246970031094
-0.4393819499656716
-0.03540405418477081
0.005520426801417299
0.0002300443769908937
-0.007327154576992908
0.03154217842164051
-0.01677975487943698
-0.006594815373159276
-0.02154903269625995
0.01115702239946434
-0.001220781688367894
-0.01379939664736172
0.03662455540300365
0.006475266629024178
0.01059018288654442
0.01341883725447491
-0.01089696399958499
-0.1433010764182017
-0.02149407009432198
0.001850119467688693
-0.001174670273462297
-0.002875341153919631
-0.01499881182852154
0.02803212304724318
0.01459142517389864
-0.005279264997835147
0.01030087649747145
-0.0002300501400594844
-0.006326331405987522
-0.01262974223948254
0.02163247800458119
-0.00905323869558357
0.02254963498881685
-0.01724059875402703
-0.007979745134843537
-0.001329457498878871
-0.007399728951389844
0.02301548913450001
0.0242863311532911
0.01546185929657339
-0.0164824901239064
0.0117186547134966
0.007603831370730813
0.0131047110242493
-0.007068371536880766
-0.003900378668782231
-0.009556631277229676
-0.002894294751370435
0.01056338827327016
-0.01437429812454754
-0.007603531965537304
0.001146218055020483
0.01941517976076578
-0.002588406688639357
-0.006878605311663257
0.0003293146519919683
-0.007746139438033367
-0.1048294545875967
0.002398986896092849
0.004786071973627643
0.01101073322529238
0.01373994026536544
0.03512391475982031
-0.01973511470665607
0.01570147500882221
-0.0009019467198466043
-0.0144871130194829
0.03370284793772547
-0.03007005255814648
-0.02682612700846587
-0.02616197507698516
-0.03496766320126528
-0.007581600413678935
-0.01419623590442608
-0.04509101502697855
-0.009755823173086342
0.01061390832361602
-6.800062506516602e-005
-0.01037404896210935
-0.02027856053992627
0.01039686769119205
0.02501424240728066
-0.03268415374827746
0.003991425666368215
0.04596086439962736
0.03291820478262932
-0.02513850300619489
0.0002159238475122577
-0.004432265247764958
0.01176376471659656
-0.01593402548161661
-0.007418212745990642
-0.03165070166291312
-0.02938677987691458
0.01337028461101215
0.0160238622022073
-0.007555235496904536
-0.0122866136243987
0.3067969895575811
-0.00638213343536052
-0.01847860774461136
-0.004040514497922225
0.02436508801564753
-0.01361658806833799
0.03955862165267755
0.006299765667255078
0.1524331477285741
-0.00180054665174368
0.02151013050343167
-0.02155901513558704
0.00882442559640868
0.003169675652816861
0.02162364956657326
0.006554910075778373
0.02262282794164122
-0.0116393854525905
-0.0005267215781885566
-0.01977524295574451
-0.0147572113419569
0.002712674000524777
-0.009341369965479195
0.02070072164395592
0.01018002026773603
0.007494596088336354
-0.02233997331323532
-0.0003133905520982574
0.009117277597358609
-0.005764864066364905
0.02817968311529733
0.00646669544385502
-0.03267596976175666
0.0282789559719229
-0.01530094972818099
-0.007329899446619277
0.01443279048113024
0.007171763720033348
0.0191803202716166
-0.004457126198570325
-0.02752946075039808
-0.0004447505102037976
0.004631221708249434
-0.00571711031057632
0.003017891624854033
-0.003322461251617428
0.01228155144962872
-0.02001141351478838
0.00288750959810521
0.01261545930621174
-0.006813583566450914
-0.0002847634286646773
0.02153139287156371
0.02840803355859925
-0.005448909174042399
0.002667472660262182
0.01840168467850042
-0.02354225221257267
-0.02680869526160141
-0.001815304967728817
0.003646981145675422
-0.008734116964642238
0.005437422910058569
-0.001447045531069539
0.02052814687264721
0.009765174486387529
0.001459668349125241
0.003093515309631354
-0.002981014517719984
-0.02113164890377492
0.02303596346490056
-0.004424033867145128
0.02005874662274031
0.01383908219533798
-0.02773752661245723
